66
42
50
62
22
44
41
73
13
75
95
75
55
50
11
57
35
11
100
91
99
11
12
64
3
53
48
87
41
74
40
62
77
25
66
1
25
57
58
96
93
28
31
30
92
1
69
78
100
36
63
88
40
54
67
70
56
73
34
39
13
42
66
7
43
8
50
46
1
1
25
5
65
93
55
14
14
19
85
92
96
98
55
14
68
97
99
35
70
85
84
36
84
16
35
93
29
29
99
4
72
49
2
75
47
68
67
28
26
39
53
33
47
75
25
84
11
79
29
62
58
95
31
55
72
44
100
83
49
7
7
91
3
1
68
56
1
80
38
33
97
20
38
76
93
11
76
71
25
6
43
92
28
19
2
26
8
78
42
3
85
89
51
61
47
42
23
10
75
43
63
32
69
31
93
36
8
3
53
4
60
99
96
30
81
70
78
58
78
97
13
93
91
92
53
77
36
0
65
100
80
22
4
90
17
68
45
3
56
8
83
40
36
10
33
24
97
49
29
84
75
19
4
58
6
91
68
98
87
98
85
97
98
54
90
100
40
65
22
31
59
11
4
16
46
23
31
69
54
7
47
63
64
63
21
77
10
17
24
83
7
20
17
31
77
17
47
83
47
32
7
93
14
26
22
71
89
39
33
34
91
100
59
41
31
80
89
82
32
59
46
97
80
85
33
52
14
70
59
58
82
51
64
89
47
38
59
39
89
49
14
18
99
64
86
70
81
16
95
38
45
49
65
21
81
56
87
53
28
23
61
14
56
49
97
46
93
64
83
92
28
6
60
50
68
73
7
77
33
91
86
83
99
99
26
79
77
32
52
56
46
91
91
9
87
46
32
100
5
52
96
34
77
55
57
82
41
55
38
53
66
79
49
48
1
47
95
3
87
55
1
85
95
59
63
74
67
48
20
82
77
70
49
40
0
33
38
8
51
46
76
60
33
83
96
32
34
99
91
69
45
64
7
93
91
17
27
70
57
69
69
66
47
12
76
23
41
22
60
80
39
56
5
54
63
50
13
12
21
39
23
100
49
49
55
10
70
50
61
22
23
28
70
37
53
51
87
47
87
56
58
37
66
2
56
91
61
28
69
22
90
38
1
28
89
60
7
98
56
58
53
87
6
4
48
44
66
89
83
42
12
10
22
86
18
30
76
71
34
89
25
55
78
46
81
72
14
5
96
26
17
79
34
23
50
40
9
67
10
2
47
86
100
15
61
45
0
75
14
57
63
52
55
25
95
46
3
10
39
53
93
72
83
40
42
51
46
60
15
73
25
67
9
28
85
19
28
51
6
50
63
47
19
42
68
1
44
64
98
80
82
52
17
64
77
95
48
66
87
14
55
18
72
49
78
51
76
58
17
62
92
17
81
89
66
1
86
87
44
26
80
74
23
73
99
15
61
93
78
85
70
59
80
17
30
71
20
95
63
5
35
51
47
72
71
15
16
73
2
93
84
84
31
35
87
55
66
72
38
7
81
35
94
13
92
40
55
35
50
30
82
89
37
29
90
22
18
30
68
97
25
80
50
35
24
48
0
48
98
66
38
92
28
84
22
92
18
96
35
87
80
7
92
48
77
26
53
12
27
35
93
59
74
43
64
32
41
20
61
1
80
16
70
3
56
25
94
37
35
57
76
44
24
77
85
69
72
89
50
35
6
92
83
24
67
3
86
92
1
39
64
14
66
5
97
65
60
51
27
70
75
85
99
98
9
50
82
42
41
8
48
19
52
21
15
5
10
88
99
68
35
17
31
67
68
22
53
47
38
41
12
20
100
57
98
80
49
19
22
10
83
16
58
16
89
35
65
28
22
38
67
24
86
35
71
54
60
98
59
54
89
49
88
100
60
58
93
98
100
10
93
92
42
10
18
55
34
42
25
94
61
53
30
82
7
48
86
41
62
36
1
22
17
86
74
2
6
4
95
13
80
100
1
60
89
85
13
17
1
4
43
31
11
16
72
27
80
45
5
84
35
52
35
56
24
40
16
61
51
45
2
97
90
69
36
96
65
89
72
87
11
8
6
71
89
30
62
97
57
75
92
32
32
3
76
70
69
99
27
38
58
54
83
49
95
87
11
34
99
3
34
75
96
99
10
45
86
21
34
12
6
49
21
56
84
11
75
89
80
49
98
94
44
26
84
82
27
12
53
35
13
32
52
32
16
29
9
39
45
68
86
46
59
34
94
32
76
28
65
18
91
56
0
90
74
71
57
28
50
75
40
35
71
23
88
17
63
97
43
61
48
21
22
6
9
66
19
64
91
88
